nyanCat(1) = 2.00000
nyanCat(9) = 198359290368.00000
nyanCat(17) = 108428035605965940000000000.00000
